    1     1      6.50        0.00       0         N/A         N/A         N/A
    2     1      6.50        5.46    3512      -58.11      -63.51        5.40
    3     1      6.50        5.46    3514      -58.11      -65.25        7.14
    4     1      6.50        5.47    3518      -58.11      -68.19       10.08
    5     1      6.50        5.70    3663      -58.11      -83.02       24.91
    6     1      6.50        5.70    3666      -58.11      -93.97       35.85
    7     1      6.50        5.70    3666      -58.11      -93.97       35.85
    8     1      6.50        5.70    3666      -58.11      -93.97       35.85
    9     1      6.50        5.70    3665      -58.11      -93.97       35.85
   10     1      6.50        5.70    3664      -58.11      -93.97       35.85
   11     1      6.50        5.70    3664      -58.11      -93.97       35.85
   12     1      6.50        5.70    3666      -58.11      -93.97       35.85
   13     1      6.50        5.69    3660      -58.11      -93.97       35.85
    1     1      6.50        5.47    3516      -58.11      -63.60        5.49
    2     1      6.50        0.00       0         N/A         N/A         N/A
    3     1      6.50        5.46    3512      -58.11      -63.51        5.40
    4     1      6.50        5.46    3514      -58.11      -65.25        7.14
    5     1      6.50        5.47    3518      -58.11      -68.19       10.08
    6     1      6.50        5.70    3663      -58.11      -83.02       24.91
    7     1      6.50        5.70    3666      -58.11      -93.97       35.85
    8     1      6.50        5.70    3666      -58.11      -93.97       35.85
    9     1      6.50        5.70    3665      -58.11      -93.97       35.85
   10     1      6.50        5.70    3664      -58.11      -93.97       35.85
   11     1      6.50        5.70    3664      -58.11      -93.97       35.85
   12     1      6.50        5.70    3666      -58.11      -93.97       35.85
   13     1      6.50        5.69    3660      -58.11      -93.97       35.85
    1     1      6.50        5.47    3516      -58.11      -65.39        7.27
    2     1      6.50        5.47    3516      -58.11      -63.60        5.49
    3     1      6.50        0.00       0         N/A         N/A         N/A
    4     1      6.50        5.46    3512      -58.11      -63.51        5.40
    5     1      6.50        5.46    3514      -58.11      -65.25        7.14
    6     1      6.50        5.47    3518      -58.11      -68.19       10.08
    7     1      6.50        5.70    3663      -58.11      -83.02       24.91
    8     1      6.50        5.70    3666      -58.11      -93.97       35.85
    9     1      6.50        5.70    3665      -58.11      -93.97       35.85
   10     1      6.50        5.70    3664      -58.11      -93.97       35.85
   11     1      6.50        5.70    3664      -58.11      -93.97       35.85
   12     1      6.50        5.70    3666      -58.11      -93.97       35.85
   13     1      6.50        5.69    3660      -58.11      -93.97       35.85
    1     1      6.50        5.46    3513      -58.11      -68.46       10.35
    2     1      6.50        5.47    3517      -58.11      -65.39        7.27
    3     1      6.50        5.46    3513      -58.11      -63.60        5.49
    4     1      6.50        0.00       0         N/A         N/A         N/A
    5     1      6.50        5.46    3514      -58.11      -63.51        5.40
    6     1      6.50        5.47    3520      -58.11      -65.25        7.14
    7     1      6.50        5.47    3515      -58.11      -68.19       10.08
    8     1      6.50        5.69    3661      -58.11      -83.02       24.91
    9     1      6.50        5.70    3665      -58.11      -93.97       35.85
   10     1      6.50        5.70    3664      -58.11      -93.97       35.85
   11     1      6.50        5.70    3662      -58.11      -93.97       35.85
   12     1      6.50        5.69    3660      -58.11      -93.97       35.85
   13     1      6.50        5.69    3660      -58.11      -93.97       35.85
    1     1      6.50        5.70    3663      -58.11      -93.97       35.85
    2     1      6.50        5.46    3514      -58.11      -68.46       10.35
    3     1      6.50        5.47    3516      -58.11      -65.39        7.27
    4     1      6.50        5.47    3516      -58.11      -63.60        5.49
    5     1      6.50        0.00       0         N/A         N/A         N/A
    6     1      6.50        5.47    3516      -58.11      -63.51        5.40
    7     1      6.50        5.47    3518      -58.11      -65.25        7.14
    8     1      6.50        5.46    3514      -58.11      -68.19       10.08
    9     1      6.50        5.69    3661      -58.11      -83.02       24.91
   10     1      6.50        5.70    3667      -58.11      -93.97       35.85
   11     1      6.50        5.70    3668      -58.11      -93.97       35.85
   12     1      6.50        5.70    3665      -58.11      -93.97       35.85
   13     1      6.50        5.70    3668      -58.11      -93.97       35.85
    1     1      6.50        5.70    3663      -58.11      -93.97       35.85
    2     1      6.50        5.70    3663      -58.11      -93.97       35.85
    3     1      6.50        5.47    3516      -58.11      -68.46       10.35
    4     1      6.50        5.47    3517      -58.11      -65.39        7.27
    5     1      6.50        5.47    3515      -58.11      -63.60        5.49
    6     1      6.50        0.00       0         N/A         N/A         N/A
    7     1      6.50        5.47    3518      -58.11      -63.51        5.40
    8     1      6.50        5.46    3514      -58.11      -65.25        7.14
    9     1      6.50        5.46    3513      -58.11      -68.19       10.08
   10     1      6.50        5.70    3667      -58.11      -83.02       24.91
   11     1      6.50        5.70    3668      -58.11      -93.97       35.85
   12     1      6.50        5.70    3665      -58.11      -93.97       35.85
   13     1      6.50        5.70    3668      -58.11      -93.97       35.85
    1     1      6.50        5.70    3662      -58.11      -93.97       35.85
    2     1      6.50        5.70    3666      -58.11      -93.97       35.85
    3     1      6.50        5.70    3663      -58.11      -93.97       35.85
    4     1      6.50        5.46    3513      -58.11      -68.46       10.35
    5     1      6.50        5.46    3514      -58.11      -65.39        7.27
    6     1      6.50        5.47    3520      -58.11      -63.60        5.49
    7     1      6.50        0.00       0         N/A         N/A         N/A
    8     1      6.50        5.46    3513      -58.11      -63.51        5.40
    9     1      6.50        5.47    3516      -58.11      -65.25        7.14
   10     1      6.50        5.47    3515      -58.11      -68.19       10.08
   11     1      6.50        5.70    3662      -58.11      -83.02       24.91
   12     1      6.50        5.69    3660      -58.11      -93.97       35.85
   13     1      6.50        5.69    3660      -58.11      -93.97       35.85
    1     1      6.50        5.70    3664      -58.11      -93.97       35.85
    2     1      6.50        5.70    3662      -58.11      -93.97       35.85
    3     1      6.50        5.70    3663      -58.11      -93.97       35.85
    4     1      6.50        5.70    3662      -58.11      -93.97       35.85
    5     1      6.50        5.47    3516      -58.11      -68.46       10.35
    6     1      6.50        5.47    3519      -58.11      -65.39        7.27
    7     1      6.50        5.47    3519      -58.11      -63.60        5.49
    8     1      6.50        0.00       0         N/A         N/A         N/A
    9     1      6.50        5.46    3513      -58.11      -63.51        5.40
   10     1      6.50        5.47    3516      -58.11      -65.25        7.14
   11     1      6.50        5.47    3518      -58.11      -68.19       10.08
   12     1      6.50        5.70    3667      -58.11      -83.02       24.91
   13     1      6.50        5.70    3666      -58.11      -93.97       35.85
    1     1      6.50        5.70    3663      -58.11      -93.97       35.85
    2     1      6.50        5.70    3665      -58.11      -93.97       35.85
    3     1      6.50        5.70    3665      -58.11      -93.97       35.85
    4     1      6.50        5.70    3662      -58.11      -93.97       35.85
    5     1      6.50        5.70    3665      -58.11      -93.97       35.85
    6     1      6.50        5.47    3515      -58.11      -68.46       10.35
    7     1      6.50        5.46    3513      -58.11      -65.39        7.27
    8     1      6.50        5.46    3514      -58.11      -63.60        5.49
    9     1      6.50        0.00       0         N/A         N/A         N/A
   10     1      6.50        5.46    3513      -58.11      -63.51        5.40
   11     1      6.50        5.46    3514      -58.11      -65.25        7.14
   12     1      6.50        5.47    3518      -58.11      -68.19       10.08
   13     1      6.50        5.70    3665      -58.11      -83.02       24.91
    1     1      6.50        5.70    3663      -58.11      -93.97       35.85
    2     1      6.50        5.70    3663      -58.11      -93.97       35.85
    3     1      6.50        5.70    3664      -58.11      -93.97       35.85
    4     1      6.50        5.70    3664      -58.11      -93.97       35.85
    5     1      6.50        5.70    3665      -58.11      -93.97       35.85
    6     1      6.50        5.70    3664      -58.11      -93.97       35.85
    7     1      6.50        5.47    3518      -58.11      -68.46       10.35
    8     1      6.50        5.46    3514      -58.11      -65.39        7.27
    9     1      6.50        5.46    3513      -58.11      -63.60        5.49
   10     1      6.50        0.00       0         N/A         N/A         N/A
   11     1      6.50        5.47    3517      -58.11      -63.51        5.40
   12     1      6.50        5.47    3517      -58.11      -65.25        7.14
   13     1      6.50        5.47    3518      -58.11      -68.19       10.08
    1     1      6.50        5.70    3663      -58.11      -93.97       35.85
    2     1      6.50        5.70    3665      -58.11      -93.97       35.85
    3     1      6.50        5.70    3665      -58.11      -93.97       35.85
    4     1      6.50        5.70    3662      -58.11      -93.97       35.85
    5     1      6.50        5.70    3665      -58.11      -93.97       35.85
    6     1      6.50        5.70    3662      -58.11      -93.97       35.85
    7     1      6.50        5.69    3661      -58.11      -93.97       35.85
    8     1      6.50        5.47    3515      -58.11      -68.46       10.35
    9     1      6.50        5.46    3514      -58.11      -65.39        7.27
   10     1      6.50        5.46    3513      -58.11      -63.60        5.49
   11     1      6.50        0.00       0         N/A         N/A         N/A
   12     1      6.50        5.47    3517      -58.11      -63.51        5.40
   13     1      6.50        5.47    3516      -58.11      -65.25        7.14
    1     1      6.50        5.70    3663      -58.11      -93.97       35.85
    2     1      6.50        5.70    3663      -58.11      -93.97       35.85
    3     1      6.50        5.70    3664      -58.11      -93.97       35.85
    4     1      6.50        5.70    3664      -58.11      -93.97       35.85
    5     1      6.50        5.70    3665      -58.11      -93.97       35.85
    6     1      6.50        5.70    3664      -58.11      -93.97       35.85
    7     1      6.50        5.70    3665      -58.11      -93.97       35.85
    8     1      6.50        5.70    3663      -58.11      -93.97       35.85
    9     1      6.50        5.46    3513      -58.11      -68.46       10.35
   10     1      6.50        5.47    3519      -58.11      -65.39        7.27
   11     1      6.50        5.47    3517      -58.11      -63.60        5.49
   12     1      6.50        0.00       0         N/A         N/A         N/A
   13     1      6.50        5.47    3516      -58.11      -63.51        5.40
    1     1      6.50        5.70    3667      -58.11      -93.97       35.85
    2     1      6.50        5.70    3663      -58.11      -93.97       35.85
    3     1      6.50        5.70    3666      -58.11      -93.97       35.85
    4     1      6.50        5.70    3662      -58.11      -93.97       35.85
    5     1      6.50        5.70    3668      -58.11      -93.97       35.85
    6     1      6.50        5.70    3664      -58.11      -93.97       35.85
    7     1      6.50        5.70    3665      -58.11      -93.97       35.85
    8     1      6.50        5.70    3666      -58.11      -93.97       35.85
    9     1      6.50        5.70    3664      -58.11      -93.97       35.85
   10     1      6.50        5.46    3513      -58.11      -68.46       10.35
   11     1      6.50        5.47    3518      -58.11      -65.39        7.27
   12     1      6.50        5.47    3517      -58.11      -63.60        5.49
   13     1      6.50        0.00       0         N/A         N/A         N/A
