    1     1      6.50        5.47    3518      -54.11      -62.34        8.23
    2     1      6.50        5.47    3518      -54.11      -63.51        9.40
    3     1      6.50        5.46    3513      -54.11      -65.25       11.14
    4     1      6.50        5.47    3516      -54.11      -68.19       14.08
    5     1      6.50        5.70    3664      -54.11      -83.02       28.91
    6     1      6.50        5.70    3663      -54.11      -93.97       39.85
    7     1      6.50        5.70    3668      -54.11      -93.97       39.85
    8     1      6.50        5.70    3664      -54.11      -93.97       39.85
    9     1      6.50        5.70    3662      -54.11      -93.97       39.85
   10     1      6.50        5.70    3665      -54.11      -93.97       39.85
   11     1      6.50        5.70    3666      -54.11      -93.97       39.85
   12     1      6.50        5.70    3667      -54.11      -93.97       39.85
   13     1      6.50        5.70    3668      -54.11      -93.97       39.85
    1     1      6.50        5.47    3516      -54.11      -63.60        9.49
    2     1      6.50        5.46    3514      -54.11      -62.34        8.23
    3     1      6.50        5.47    3516      -54.11      -63.51        9.40
    4     1      6.50        5.47    3517      -54.11      -65.25       11.14
    5     1      6.50        5.47    3516      -54.11      -68.19       14.08
    6     1      6.50        5.70    3664      -54.11      -83.02       28.91
    7     1      6.50        5.70    3665      -54.11      -93.97       39.85
    8     1      6.50        5.70    3663      -54.11      -93.97       39.85
    9     1      6.50        5.69    3661      -54.11      -93.97       39.85
   10     1      6.50        5.70    3667      -54.11      -93.97       39.85
   11     1      6.50        5.70    3668      -54.11      -93.97       39.85
   12     1      6.50        5.70    3665      -54.11      -93.97       39.85
   13     1      6.50        5.70    3668      -54.11      -93.97       39.85
    1     1      6.50        5.47    3516      -54.11      -65.39       11.27
    2     1      6.50        5.46    3514      -54.11      -63.60        9.49
    3     1      6.50        5.47    3516      -54.11      -62.34        8.23
    4     1      6.50        5.47    3517      -54.11      -63.51        9.40
    5     1      6.50        5.47    3516      -54.11      -65.25       11.14
    6     1      6.50        5.47    3517      -54.11      -68.19       14.08
    7     1      6.50        5.70    3665      -54.11      -83.02       28.91
    8     1      6.50        5.70    3663      -54.11      -93.97       39.85
    9     1      6.50        5.69    3661      -54.11      -93.97       39.85
   10     1      6.50        5.70    3667      -54.11      -93.97       39.85
   11     1      6.50        5.70    3668      -54.11      -93.97       39.85
   12     1      6.50        5.70    3665      -54.11      -93.97       39.85
   13     1      6.50        5.70    3668      -54.11      -93.97       39.85
    1     1      6.50        5.47    3518      -54.11      -68.46       14.35
    2     1      6.50        5.47    3519      -54.11      -65.39       11.27
    3     1      6.50        5.47    3517      -54.11      -63.60        9.49
    4     1      6.50        5.47    3519      -54.11      -62.34        8.23
    5     1      6.50        5.46    3514      -54.11      -63.51        9.40
    6     1      6.50        5.46    3514      -54.11      -65.25       11.14
    7     1      6.50        5.47    3516      -54.11      -68.19       14.08
    8     1      6.50        5.70    3663      -54.11      -83.02       28.91
    9     1      6.50        5.70    3665      -54.11      -93.97       39.85
   10     1      6.50        5.71    3669      -54.11      -93.97       39.85
   11     1      6.50        5.70    3662      -54.11      -93.97       39.85
   12     1      6.50        5.70    3667      -54.11      -93.97       39.85
   13     1      6.50        5.69    3661      -54.11      -93.97       39.85
    1     1      6.50        5.70    3667      -54.11      -93.97       39.85
    2     1      6.50        5.47    3518      -54.11      -68.46       14.35
    3     1      6.50        5.46    3513      -54.11      -65.39       11.27
    4     1      6.50        5.47    3516      -54.11      -63.60        9.49
    5     1      6.50        5.47    3516      -54.11      -62.34        8.23
    6     1      6.50        5.47    3516      -54.11      -63.51        9.40
    7     1      6.50        5.47    3520      -54.11      -65.25       11.14
    8     1      6.50        5.47    3516      -54.11      -68.19       14.08
    9     1      6.50        5.70    3662      -54.11      -83.02       28.91
   10     1      6.50        5.70    3665      -54.11      -93.97       39.85
   11     1      6.50        5.70    3666      -54.11      -93.97       39.85
   12     1      6.50        5.70    3667      -54.11      -93.97       39.85
   13     1      6.50        5.70    3668      -54.11      -93.97       39.85
    1     1      6.50        5.70    3662      -54.11      -93.97       39.85
    2     1      6.50        5.70    3663      -54.11      -93.97       39.85
    3     1      6.50        5.47    3517      -54.11      -68.46       14.35
    4     1      6.50        5.47    3518      -54.11      -65.39       11.27
    5     1      6.50        5.47    3520      -54.11      -63.60        9.49
    6     1      6.50        5.46    3514      -54.11      -62.34        8.23
    7     1      6.50        5.47    3517      -54.11      -63.51        9.40
    8     1      6.50        5.47    3516      -54.11      -65.25       11.14
    9     1      6.50        5.47    3516      -54.11      -68.19       14.08
   10     1      6.50        5.70    3663      -54.11      -83.02       28.91
   11     1      6.50        5.70    3664      -54.11      -93.97       39.85
   12     1      6.50        5.69    3661      -54.11      -93.97       39.85
   13     1      6.50        5.70    3668      -54.11      -93.97       39.85
    1     1      6.50        5.70    3663      -54.11      -93.97       39.85
    2     1      6.50        5.70    3663      -54.11      -93.97       39.85
    3     1      6.50        5.70    3664      -54.11      -93.97       39.85
    4     1      6.50        5.47    3517      -54.11      -68.46       14.35
    5     1      6.50        5.47    3516      -54.11      -65.39       11.27
    6     1      6.50        5.47    3517      -54.11      -63.60        9.49
    7     1      6.50        5.47    3518      -54.11      -62.34        8.23
    8     1      6.50        5.46    3514      -54.11      -63.51        9.40
    9     1      6.50        5.46    3513      -54.11      -65.25       11.14
   10     1      6.50        5.47    3519      -54.11      -68.19       14.08
   11     1      6.50        5.70    3668      -54.11      -83.02       28.91
   12     1      6.50        5.70    3665      -54.11      -93.97       39.85
   13     1      6.50        5.70    3668      -54.11      -93.97       39.85
    1     1      6.50        5.70    3667      -54.11      -93.97       39.85
    2     1      6.50        5.70    3663      -54.11      -93.97       39.85
    3     1      6.50        5.70    3666      -54.11      -93.97       39.85
    4     1      6.50        5.70    3662      -54.11      -93.97       39.85
    5     1      6.50        5.47    3520      -54.11      -68.46       14.35
    6     1      6.50        5.47    3517      -54.11      -65.39       11.27
    7     1      6.50        5.47    3518      -54.11      -63.60        9.49
    8     1      6.50        5.47    3519      -54.11      -62.34        8.23
    9     1      6.50        5.47    3518      -54.11      -63.51        9.40
   10     1      6.50        5.46    3513      -54.11      -65.25       11.14
   11     1      6.50        5.47    3518      -54.11      -68.19       14.08
   12     1      6.50        5.71    3669      -54.11      -83.02       28.91
   13     1      6.50        5.71    3669      -54.11      -93.97       39.85
    1     1      6.50        5.70    3664      -54.11      -93.97       39.85
    2     1      6.50        5.70    3662      -54.11      -93.97       39.85
    3     1      6.50        5.70    3663      -54.11      -93.97       39.85
    4     1      6.50        5.70    3662      -54.11      -93.97       39.85
    5     1      6.50        5.70    3664      -54.11      -93.97       39.85
    6     1      6.50        5.47    3519      -54.11      -68.46       14.35
    7     1      6.50        5.47    3519      -54.11      -65.39       11.27
    8     1      6.50        5.46    3513      -54.11      -63.60        9.49
    9     1      6.50        5.46    3514      -54.11      -62.34        8.23
   10     1      6.50        5.47    3516      -54.11      -63.51        9.40
   11     1      6.50        5.47    3518      -54.11      -65.25       11.14
   12     1      6.50        5.47    3520      -54.11      -68.19       14.08
   13     1      6.50        5.70    3666      -54.11      -83.02       28.91
    1     1      6.50        5.70    3662      -54.11      -93.97       39.85
    2     1      6.50        5.70    3666      -54.11      -93.97       39.85
    3     1      6.50        5.70    3663      -54.11      -93.97       39.85
    4     1      6.50        5.69    3660      -54.11      -93.97       39.85
    5     1      6.50        5.69    3661      -54.11      -93.97       39.85
    6     1      6.50        5.70    3668      -54.11      -93.97       39.85
    7     1      6.50        5.47    3515      -54.11      -68.46       14.35
    8     1      6.50        5.46    3513      -54.11      -65.39       11.27
    9     1      6.50        5.47    3516      -54.11      -63.60        9.49
   10     1      6.50        5.47    3515      -54.11      -62.34        8.23
   11     1      6.50        5.47    3516      -54.11      -63.51        9.40
   12     1      6.50        5.46    3514      -54.11      -65.25       11.14
   13     1      6.50        5.46    3513      -54.11      -68.19       14.08
    1     1      6.50        5.70    3664      -54.11      -93.97       39.85
    2     1      6.50        5.70    3662      -54.11      -93.97       39.85
    3     1      6.50        5.70    3663      -54.11      -93.97       39.85
    4     1      6.50        5.69    3661      -54.11      -93.97       39.85
    5     1      6.50        5.70    3662      -54.11      -93.97       39.85
    6     1      6.50        5.70    3667      -54.11      -93.97       39.85
    7     1      6.50        5.70    3663      -54.11      -93.97       39.85
    8     1      6.50        5.47    3517      -54.11      -68.46       14.35
    9     1      6.50        5.47    3518      -54.11      -65.39       11.27
   10     1      6.50        5.47    3518      -54.11      -63.60        9.49
   11     1      6.50        5.47    3516      -54.11      -62.34        8.23
   12     1      6.50        5.47    3518      -54.11      -63.51        9.40
   13     1      6.50        5.46    3513      -54.11      -65.25       11.14
    1     1      6.50        5.70    3662      -54.11      -93.97       39.85
    2     1      6.50        5.70    3666      -54.11      -93.97       39.85
    3     1      6.50        5.70    3663      -54.11      -93.97       39.85
    4     1      6.50        5.69    3660      -54.11      -93.97       39.85
    5     1      6.50        5.69    3661      -54.11      -93.97       39.85
    6     1      6.50        5.70    3668      -54.11      -93.97       39.85
    7     1      6.50        5.70    3662      -54.11      -93.97       39.85
    8     1      6.50        5.69    3661      -54.11      -93.97       39.85
    9     1      6.50        5.47    3516      -54.11      -68.46       14.35
   10     1      6.50        5.47    3515      -54.11      -65.39       11.27
   11     1      6.50        5.47    3516      -54.11      -63.60        9.49
   12     1      6.50        5.46    3514      -54.11      -62.34        8.23
   13     1      6.50        5.46    3513      -54.11      -63.51        9.40
    1     1      6.50        5.70    3666      -54.11      -93.97       39.85
    2     1      6.50        5.70    3664      -54.11      -93.97       39.85
    3     1      6.50        5.69    3660      -54.11      -93.97       39.85
    4     1      6.50        5.70    3665      -54.11      -93.97       39.85
    5     1      6.50        5.70    3667      -54.11      -93.97       39.85
    6     1      6.50        5.70    3663      -54.11      -93.97       39.85
    7     1      6.50        5.70    3664      -54.11      -93.97       39.85
    8     1      6.50        5.70    3664      -54.11      -93.97       39.85
    9     1      6.50        5.70    3663      -54.11      -93.97       39.85
   10     1      6.50        5.46    3514      -54.11      -68.46       14.35
   11     1      6.50        5.47    3518      -54.11      -65.39       11.27
   12     1      6.50        5.47    3517      -54.11      -63.60        9.49
   13     1      6.50        5.47    3517      -54.11      -62.34        8.23