    1     1      6.50        5.47    3518      -50.11      -62.34       12.23
    2     1      6.50        5.47    3518      -50.11      -63.51       13.40
    3     1      6.50        5.46    3513      -50.11      -65.25       15.14
    4     1      6.50        5.47    3516      -50.11      -68.19       18.08
    5     1      6.50        5.70    3664      -50.11      -83.02       32.91
    6     1      6.50        5.70    3663      -50.11      -93.97       43.85
    7     1      6.50        5.70    3668      -50.11      -93.97       43.85
    8     1      6.50        5.70    3664      -50.11      -93.97       43.85
    9     1      6.50        5.70    3662      -50.11      -93.97       43.85
   10     1      6.50        5.70    3665      -50.11      -93.97       43.85
   11     1      6.50        5.70    3666      -50.11      -93.97       43.85
   12     1      6.50        5.70    3667      -50.11      -93.97       43.85
   13     1      6.50        5.70    3668      -50.11      -93.97       43.85
    1     1      6.50        5.46    3514      -50.11      -63.60       13.49
    2     1      6.50        5.47    3518      -50.11      -62.34       12.23
    3     1      6.50        5.47    3517      -50.11      -63.51       13.40
    4     1      6.50        5.46    3513      -50.11      -65.25       15.14
    5     1      6.50        5.47    3517      -50.11      -68.19       18.08
    6     1      6.50        5.70    3662      -50.11      -83.02       32.91
    7     1      6.50        5.69    3661      -50.11      -93.97       43.85
    8     1      6.50        5.70    3663      -50.11      -93.97       43.85
    9     1      6.50        5.69    3661      -50.11      -93.97       43.85
   10     1      6.50        5.69    3661      -50.11      -93.97       43.85
   11     1      6.50        5.69    3661      -50.11      -93.97       43.85
   12     1      6.50        5.70    3667      -50.11      -93.97       43.85
   13     1      6.50        5.70    3665      -50.11      -93.97       43.85
    1     1      6.50        5.47    3516      -50.11      -65.39       15.27
    2     1      6.50        5.46    3514      -50.11      -63.60       13.49
    3     1      6.50        5.47    3516      -50.11      -62.34       12.23
    4     1      6.50        5.47    3517      -50.11      -63.51       13.40
    5     1      6.50        5.47    3516      -50.11      -65.25       15.14
    6     1      6.50        5.47    3517      -50.11      -68.19       18.08
    7     1      6.50        5.70    3665      -50.11      -83.02       32.91
    8     1      6.50        5.70    3663      -50.11      -93.97       43.85
    9     1      6.50        5.69    3661      -50.11      -93.97       43.85
   10     1      6.50        5.70    3667      -50.11      -93.97       43.85
   11     1      6.50        5.70    3668      -50.11      -93.97       43.85
   12     1      6.50        5.70    3665      -50.11      -93.97       43.85
   13     1      6.50        5.70    3668      -50.11      -93.97       43.85
    1     1      6.50        5.47    3516      -50.11      -68.46       18.35
    2     1      6.50        5.46    3514      -50.11      -65.39       15.27
    3     1      6.50        5.47    3516      -50.11      -63.60       13.49
    4     1      6.50        5.47    3517      -50.11      -62.34       12.23
    5     1      6.50        5.47    3516      -50.11      -63.51       13.40
    6     1      6.50        5.47    3517      -50.11      -65.25       15.14
    7     1      6.50        5.47    3518      -50.11      -68.19       18.08
    8     1      6.50        5.70    3663      -50.11      -83.02       32.91
    9     1      6.50        5.69    3661      -50.11      -93.97       43.85
   10     1      6.50        5.70    3667      -50.11      -93.97       43.85
   11     1      6.50        5.70    3668      -50.11      -93.97       43.85
   12     1      6.50        5.70    3665      -50.11      -93.97       43.85
   13     1      6.50        5.70    3668      -50.11      -93.97       43.85
    1     1      6.50        5.70    3667      -50.11      -93.97       43.85
    2     1      6.50        5.46    3514      -50.11      -68.46       18.35
    3     1      6.50        5.47    3518      -50.11      -65.39       15.27
    4     1      6.50        5.46    3514      -50.11      -63.60       13.49
    5     1      6.50        5.47    3520      -50.11      -62.34       12.23
    6     1      6.50        5.47    3517      -50.11      -63.51       13.40
    7     1      6.50        5.47    3518      -50.11      -65.25       15.14
    8     1      6.50        5.47    3519      -50.11      -68.19       18.08
    9     1      6.50        5.70    3664      -50.11      -83.02       32.91
   10     1      6.50        5.69    3659      -50.11      -93.97       43.85
   11     1      6.50        5.70    3667      -50.11      -93.97       43.85
   12     1      6.50        5.71    3669      -50.11      -93.97       43.85
   13     1      6.50        5.71    3669      -50.11      -93.97       43.85
    1     1      6.50        5.70    3663      -50.11      -93.97       43.85
    2     1      6.50        5.70    3663      -50.11      -93.97       43.85
    3     1      6.50        5.47    3516      -50.11      -68.46       18.35
    4     1      6.50        5.47    3517      -50.11      -65.39       15.27
    5     1      6.50        5.47    3516      -50.11      -63.60       13.49
    6     1      6.50        5.47    3517      -50.11      -62.34       12.23
    7     1      6.50        5.47    3518      -50.11      -63.51       13.40
    8     1      6.50        5.46    3514      -50.11      -65.25       15.14
    9     1      6.50        5.46    3513      -50.11      -68.19       18.08
   10     1      6.50        5.70    3667      -50.11      -83.02       32.91
   11     1      6.50        5.70    3668      -50.11      -93.97       43.85
   12     1      6.50        5.70    3665      -50.11      -93.97       43.85
   13     1      6.50        5.70    3668      -50.11      -93.97       43.85
    1     1      6.50        5.70    3663      -50.11      -93.97       43.85
    2     1      6.50        5.70    3663      -50.11      -93.97       43.85
    3     1      6.50        5.70    3664      -50.11      -93.97       43.85
    4     1      6.50        5.47    3517      -50.11      -68.46       18.35
    5     1      6.50        5.47    3516      -50.11      -65.39       15.27
    6     1      6.50        5.47    3517      -50.11      -63.60       13.49
    7     1      6.50        5.47    3518      -50.11      -62.34       12.23
    8     1      6.50        5.46    3514      -50.11      -63.51       13.40
    9     1      6.50        5.46    3513      -50.11      -65.25       15.14
   10     1      6.50        5.47    3519      -50.11      -68.19       18.08
   11     1      6.50        5.70    3668      -50.11      -83.02       32.91
   12     1      6.50        5.70    3665      -50.11      -93.97       43.85
   13     1      6.50        5.70    3668      -50.11      -93.97       43.85
    1     1      6.50        5.70    3663      -50.11      -93.97       43.85
    2     1      6.50        5.70    3663      -50.11      -93.97       43.85
    3     1      6.50        5.70    3664      -50.11      -93.97       43.85
    4     1      6.50        5.70    3664      -50.11      -93.97       43.85
    5     1      6.50        5.47    3516      -50.11      -68.46       18.35
    6     1      6.50        5.47    3517      -50.11      -65.39       15.27
    7     1      6.50        5.47    3518      -50.11      -63.60       13.49
    8     1      6.50        5.46    3514      -50.11      -62.34       12.23
    9     1      6.50        5.46    3513      -50.11      -63.51       13.40
   10     1      6.50        5.47    3519      -50.11      -65.25       15.14
   11     1      6.50        5.47    3518      -50.11      -68.19       18.08
   12     1      6.50        5.70    3665      -50.11      -83.02       32.91
   13     1      6.50        5.70    3668      -50.11      -93.97       43.85
    1     1      6.50        5.70    3662      -50.11      -93.97       43.85
    2     1      6.50        5.70    3663      -50.11      -93.97       43.85
    3     1      6.50        5.70    3663      -50.11      -93.97       43.85
    4     1      6.50        5.70    3666      -50.11      -93.97       43.85
    5     1      6.50        5.71    3669      -50.11      -93.97       43.85
    6     1      6.50        5.46    3514      -50.11      -68.46       18.35
    7     1      6.50        5.47    3517      -50.11      -65.39       15.27
    8     1      6.50        5.47    3516      -50.11      -63.60       13.49
    9     1      6.50        5.47    3516      -50.11      -62.34       12.23
   10     1      6.50        5.47    3515      -50.11      -63.51       13.40
   11     1      6.50        5.47    3516      -50.11      -65.25       15.14
   12     1      6.50        5.46    3513      -50.11      -68.19       18.08
   13     1      6.50        5.70    3668      -50.11      -83.02       32.91
    1     1      6.50        5.70    3662      -50.11      -93.97       43.85
    2     1      6.50        5.70    3666      -50.11      -93.97       43.85
    3     1      6.50        5.70    3663      -50.11      -93.97       43.85
    4     1      6.50        5.69    3660      -50.11      -93.97       43.85
    5     1      6.50        5.69    3661      -50.11      -93.97       43.85
    6     1      6.50        5.70    3668      -50.11      -93.97       43.85
    7     1      6.50        5.47    3515      -50.11      -68.46       18.35
    8     1      6.50        5.46    3513      -50.11      -65.39       15.27
    9     1      6.50        5.47    3516      -50.11      -63.60       13.49
   10     1      6.50        5.47    3515      -50.11      -62.34       12.23
   11     1      6.50        5.47    3516      -50.11      -63.51       13.40
   12     1      6.50        5.46    3514      -50.11      -65.25       15.14
   13     1      6.50        5.46    3513      -50.11      -68.19       18.08
    1     1      6.50        5.70    3664      -50.11      -93.97       43.85
    2     1      6.50        5.70    3662      -50.11      -93.97       43.85
    3     1      6.50        5.70    3663      -50.11      -93.97       43.85
    4     1      6.50        5.70    3662      -50.11      -93.97       43.85
    5     1      6.50        5.70    3664      -50.11      -93.97       43.85
    6     1      6.50        5.70    3668      -50.11      -93.97       43.85
    7     1      6.50        5.70    3668      -50.11      -93.97       43.85
    8     1      6.50        5.46    3513      -50.11      -68.46       18.35
    9     1      6.50        5.46    3514      -50.11      -65.39       15.27
   10     1      6.50        5.47    3516      -50.11      -63.60       13.49
   11     1      6.50        5.47    3518      -50.11      -62.34       12.23
   12     1      6.50        5.47    3520      -50.11      -63.51       13.40
   13     1      6.50        5.47    3520      -50.11      -65.25       15.14
    1     1      6.50        5.70    3667      -50.11      -93.97       43.85
    2     1      6.50        5.70    3663      -50.11      -93.97       43.85
    3     1      6.50        5.70    3666      -50.11      -93.97       43.85
    4     1      6.50        5.70    3662      -50.11      -93.97       43.85
    5     1      6.50        5.70    3668      -50.11      -93.97       43.85
    6     1      6.50        5.70    3664      -50.11      -93.97       43.85
    7     1      6.50        5.70    3665      -50.11      -93.97       43.85
    8     1      6.50        5.70    3666      -50.11      -93.97       43.85
    9     1      6.50        5.47    3518      -50.11      -68.46       18.35
   10     1      6.50        5.46    3513      -50.11      -65.39       15.27
   11     1      6.50        5.47    3518      -50.11      -63.60       13.49
   12     1      6.50        5.47    3520      -50.11      -62.34       12.23
   13     1      6.50        5.47    3519      -50.11      -63.51       13.40
    1     1      6.50        5.70    3664      -50.11      -93.97       43.85
    2     1      6.50        5.70    3662      -50.11      -93.97       43.85
    3     1      6.50        5.70    3663      -50.11      -93.97       43.85
    4     1      6.50        5.70    3662      -50.11      -93.97       43.85
    5     1      6.50        5.70    3664      -50.11      -93.97       43.85
    6     1      6.50        5.70    3668      -50.11      -93.97       43.85
    7     1      6.50        5.70    3668      -50.11      -93.97       43.85
    8     1      6.50        5.69    3660      -50.11      -93.97       43.85
    9     1      6.50        5.70    3664      -50.11      -93.97       43.85
   10     1      6.50        5.47    3516      -50.11      -68.46       18.35
   11     1      6.50        5.47    3518      -50.11      -65.39       15.27
   12     1      6.50        5.47    3520      -50.11      -63.60       13.49
   13     1      6.50        5.47    3520      -50.11      -62.34       12.23